3001,0
3006,0
7001,2
7002,9
7003,4
7004,1
7005,2
7006,2
7007,7
7008,8
1000,0
3002,0
1001,0
3007,0
1002,0
3003,0
3008,0
1003,0
3004,0
3009,0
1004,0
10001,0
1005,0
3005,0
&&&
1: 13, , , 18
2: 2, 3001, 7001, 3003
3: 4, 3003, , 3002
4: 0, 7002, 7003, 3004
5: 5, 3002, 3004, 10001
6: 15, 10001, , 11
7: 16, uno, ,  
8: 0, 3001, 7004, 3005
9: 19, 3005, , param1
10: 17, uno, , 2
11: 4, 3002, , 3002
12: 18, , ,  
13: 2, 3006, 1000, 3007
14: 0, 3007, 1001, 3008
15: 4, 3008, , 3006
16: 2, 3006, 7005, 3009
17: 18, 3009, ,  
18: 4, 7006, , 1000
19: 2, 1000, 7007, 1002
20: 1, 1002, 7008, 1003
21: 4, 1003, , 1001
22: 16, uno, ,  
23: 19, 1001, , param1
24: 17, uno, , 2
25: 16, dos, ,  
26: 0, 1000, 1001, 1004
27: 19, 1004, , param1
28: 17, dos, , 13
29: 0, 1000, 1004, 1005
30: 4, 1005, , 1000
31: 4, 1000, , 1000
32: 99, , , 32767
